#!/usr/bin/env python

from uwhd.tk_canvas_viewer import TkCanvasViewer
from uwhd.canvas import Canvas, Color
from uwhd.ppm import PPMImage
import tkinter as tk
import io

master = tk.Tk()
infile = io.StringIO("""
P3
96 32
255
  0   0   0    0   0   0    0   0   0    0   0   0    0   0   0    0   0   0    0   0   0    0   0   0    0   0   0    0   0   0    0   0   0    0   0   0    0   0   0    0   0   0    0   0   0    0   0   0    0   0   0    0   0   0    0   0   0    0   0   0    0   0   0    0   0   0    0   0   0    0   0   0    0   0   0    0   0   0    0   0   0    0   0   0    0   0   0    0   0   0    0   0   0    0   0   0    0   0   0    0   0   0    0   0   0    0   0   0    0   0   0    0   0   0    0   0   0    0   0   0    0   0   0    0   0   0    0   0   0    0   0   0    0   0   0    0   0   0    0   0   0    0   0   0    0   0   0    0   0   0    0   0   0    0   0   0    0   0   0    0   0   0    0   0   0    0   0   0    0   0   0    0   0   0    0   0   0    0   0   0    0   0   0    0   0   0    0   0   0    0   0   0    0   0   0    0   0   0    0   0   0    0   0   0    0   0   0    0   0   0    0   0   0    0   0   0    0   0   0    0   0   0    0   0   0    0   0   0    0   0   0    0   0   0    0   0   0    0   0   0    0   0   0    0   0   0    0   0   0    0   0   0    0   0   0    0   0   0    0   0   0    0   0   0    0   0   0    0   0   0    0   0   0    0   0   0    0   0   0    0   0   0    0   0   0    0   0   0
  0   0   0    0   0   0    0   0   0    0   0   0    0   0   0    0   0 255    0   0 255    0   0 255    0   0 255    0   0 255    0   0 255    0   0 255    0   0 255    0   0 255    0   0   0    0   0   0    0   0   0    0   0   0    0   0   0    0   0   0    0   0   0    0   0   0    0   0   0    0   0   0    0 255   0    0   0   0    0   0   0    0   0   0    0   0   0    0 255   0    0 255   0    0 255   0    0 255   0    0   0   0    0 255   0    0 255   0    0 255   0    0 255   0    0 255   0    0   0   0    0   0   0    0   0   0    0   0   0    0   0   0    0   0   0    0   0   0    0   0   0    0   0   0    0   0   0    0   0   0    0   0   0    0   0   0    0 255   0    0   0   0    0   0   0    0   0   0    0 255   0    0   0   0    0   0   0    0 255   0    0 255   0    0 255   0    0   0   0    0   0   0    0 255   0    0   0   0    0   0   0    0   0   0    0   0   0    0   0   0    0 255   0    0 255   0    0 255   0    0 255   0    0 255   0    0   0   0    0   0   0    0   0   0    0   0   0    0   0   0    0   0   0    0   0   0  255 255 255  255 255 255  255 255 255  255 255 255  255 255 255  255 255 255  255 255 255  255 255 255  255 255 255    0   0   0    0   0   0    0   0   0    0   0   0    0   0   0
  0   0   0    0   0   0    0   0   0    0   0   0    0   0 255    0   0 255    0   0 255    0   0 255    0   0 255    0   0 255    0   0 255    0   0 255    0   0 255    0   0 255    0   0 255    0   0   0    0   0   0    0   0   0    0   0   0    0   0   0    0   0   0    0   0   0    0   0   0    0 255   0    0 255   0    0   0   0    0   0   0    0   0   0    0 255   0    0   0   0    0   0   0    0   0   0    0   0   0    0   0   0    0   0   0    0   0   0    0 255   0    0   0   0    0   0   0    0   0   0    0   0   0    0   0   0    0   0   0    0   0   0    0   0   0    0   0   0    0   0   0    0   0   0    0   0   0    0   0   0    0   0   0    0   0   0    0 255   0    0   0   0    0   0   0    0   0   0    0 255   0    0   0   0    0 255   0    0   0   0    0   0   0    0   0   0    0 255   0    0   0   0    0 255   0    0   0   0    0   0   0    0   0   0    0   0   0    0   0   0    0 255   0    0   0   0    0   0   0    0   0   0    0   0   0    0   0   0    0   0   0    0   0   0    0   0   0    0   0   0    0   0   0  255 255 255  255 255 255  255 255 255  255 255 255  255 255 255  255 255 255  255 255 255  255 255 255  255 255 255  255 255 255  255 255 255    0   0   0    0   0   0    0   0   0    0   0   0
  0   0   0    0   0   0    0   0   0    0   0 255    0   0 255    0   0 255    0   0 255    0   0 255    0   0 255    0   0 255    0   0 255    0   0 255    0   0 255    0   0 255    0   0 255    0   0 255    0   0   0    0   0   0    0   0   0    0   0   0    0   0   0    0   0   0    0   0   0    0   0   0    0 255   0    0   0   0    0   0   0    0   0   0    0 255   0    0   0   0    0   0   0    0   0   0    0   0   0    0   0   0    0   0   0    0   0   0    0 255   0    0   0   0    0   0   0    0   0   0    0   0   0    0   0   0    0   0   0    0   0   0    0   0   0    0   0   0    0   0   0    0   0   0    0   0   0    0   0   0    0   0   0    0   0   0    0 255   0    0   0   0    0   0   0    0   0   0    0 255   0    0   0   0    0 255   0    0   0   0    0   0   0    0   0   0    0 255   0    0   0   0    0 255   0    0   0   0    0   0   0    0   0   0    0   0   0    0   0   0    0 255   0    0   0   0    0   0   0    0   0   0    0   0   0    0   0   0    0   0   0    0   0   0    0   0   0    0   0   0  255 255 255  255 255 255  255 255 255  255 255 255  255 255 255  255 255 255  255 255 255  255 255 255  255 255 255  255 255 255  255 255 255  255 255 255  255 255 255    0   0   0    0   0   0    0   0   0
  0   0   0    0   0   0    0   0 255    0   0 255    0   0 255    0   0 255    0   0 255    0   0   0    0   0   0    0   0   0    0   0   0    0   0   0    0   0 255    0   0 255    0   0 255    0   0 255    0   0 255    0   0   0    0   0   0    0   0   0    0   0   0    0   0   0    0   0   0    0   0   0    0 255   0    0   0   0    0   0   0    0   0   0    0   0   0    0 255   0    0 255   0    0 255   0    0   0   0    0   0   0    0   0   0    0   0   0    0 255   0    0   0   0    0   0   0    0   0   0    0   0   0    0   0   0    0   0   0    0   0   0    0   0   0    0   0   0    0   0   0    0   0   0    0   0   0    0   0   0    0   0   0    0   0   0    0 255   0    0 255   0    0 255   0    0 255   0    0 255   0    0   0   0    0 255   0    0 255   0    0 255   0    0 255   0    0 255   0    0   0   0    0 255   0    0   0   0    0   0   0    0   0   0    0   0   0    0   0   0    0 255   0    0 255   0    0 255   0    0 255   0    0 255   0    0   0   0    0   0   0    0   0   0    0   0   0  255 255 255  255 255 255  255 255 255  255 255 255  255 255 255    0   0   0    0   0   0    0   0   0    0   0   0    0   0   0  255 255 255  255 255 255  255 255 255  255 255 255  255 255 255    0   0   0    0   0   0
  0   0   0    0   0   0    0   0 255    0   0 255    0   0 255    0   0 255    0   0   0    0   0   0    0   0   0    0   0   0    0   0   0    0   0   0    0   0   0    0   0 255    0   0 255    0   0 255    0   0 255    0   0   0    0   0   0    0   0   0    0   0   0    0   0   0    0   0   0    0   0   0    0 255   0    0   0   0    0   0   0    0   0   0    0   0   0    0   0   0    0   0   0    0   0   0    0 255   0    0   0   0    0   0   0    0   0   0    0 255   0    0   0   0    0   0   0    0   0   0    0   0   0    0   0   0    0   0   0    0   0   0    0   0   0    0   0   0    0   0   0    0   0   0    0   0   0    0   0   0    0   0   0    0   0   0    0 255   0    0   0   0    0   0   0    0   0   0    0 255   0    0   0   0    0 255   0    0   0   0    0   0   0    0   0   0    0 255   0    0   0   0    0 255   0    0   0   0    0   0   0    0   0   0    0   0   0    0   0   0    0 255   0    0   0   0    0   0   0    0   0   0    0   0   0    0   0   0    0   0   0    0   0   0    0   0   0  255 255 255  255 255 255  255 255 255  255 255 255    0   0   0    0   0   0    0   0   0    0   0   0    0   0   0    0   0   0    0   0   0  255 255 255  255 255 255  255 255 255  255 255 255    0   0   0    0   0   0
  0   0   0    0   0   0    0   0 255    0   0 255    0   0 255    0   0   0    0   0   0    0   0   0    0   0   0    0   0   0    0   0   0    0   0   0    0   0   0    0   0   0    0   0 255    0   0 255    0   0 255    0   0   0    0   0   0    0   0   0    0   0   0    0   0   0    0   0   0    0   0   0    0 255   0    0   0   0    0   0   0    0   0   0    0   0   0    0   0   0    0   0   0    0   0   0    0 255   0    0   0   0    0   0   0    0   0   0    0 255   0    0   0   0    0   0   0    0   0   0    0   0   0    0   0   0    0   0   0    0   0   0    0   0   0    0   0   0    0   0   0    0   0   0    0   0   0    0   0   0    0   0   0    0   0   0    0 255   0    0   0   0    0   0   0    0   0   0    0 255   0    0   0   0    0 255   0    0   0   0    0   0   0    0   0   0    0 255   0    0   0   0    0 255   0    0   0   0    0   0   0    0   0   0    0   0   0    0   0   0    0 255   0    0   0   0    0   0   0    0   0   0    0   0   0    0   0   0    0   0   0    0   0   0    0   0   0  255 255 255  255 255 255  255 255 255    0   0   0    0   0   0    0   0   0    0   0   0    0   0   0    0   0   0    0   0   0    0   0   0    0   0   0  255 255 255  255 255 255  255 255 255    0   0   0    0   0   0
  0   0   0    0   0   0    0   0 255    0   0 255    0   0 255    0   0   0    0   0   0    0   0   0    0   0   0    0   0   0    0   0   0    0   0   0    0   0   0    0   0   0    0   0 255    0   0 255    0   0 255    0   0   0    0   0   0    0   0   0    0   0   0    0   0   0    0   0   0    0 255   0    0 255   0    0 255   0    0   0   0    0   0   0    0 255   0    0 255   0    0 255   0    0 255   0    0   0   0    0   0   0    0   0   0    0   0   0    0 255   0    0   0   0    0   0   0    0   0   0    0   0   0    0   0   0    0   0   0    0   0   0    0   0   0    0   0   0    0   0   0    0   0   0    0   0   0    0   0   0    0   0   0    0   0   0    0 255   0    0   0   0    0   0   0    0   0   0    0 255   0    0   0   0    0 255   0    0   0   0    0   0   0    0   0   0    0 255   0    0   0   0    0 255   0    0 255   0    0 255   0    0 255   0    0 255   0    0   0   0    0 255   0    0   0   0    0   0   0    0   0   0    0   0   0    0   0   0    0   0   0    0   0   0    0   0   0  255 255 255  255 255 255  255 255 255    0   0   0    0   0   0    0   0   0    0   0   0    0   0   0    0   0   0    0   0   0    0   0   0    0   0   0  255 255 255  255 255 255  255 255 255    0   0   0    0   0   0
  0   0   0    0   0   0    0   0 255    0   0 255    0   0 255    0   0   0    0   0   0    0   0   0    0   0   0    0   0   0    0   0   0    0   0   0    0   0   0    0   0   0    0   0 255    0   0 255    0   0 255    0   0   0    0   0   0    0   0   0    0   0   0    0   0   0    0   0   0    0   0   0    0   0   0    0   0   0    0   0   0    0   0   0    0   0   0    0   0   0    0   0   0    0   0   0    0   0   0    0   0   0    0   0   0    0   0   0    0   0   0    0   0   0    0   0   0    0   0   0    0   0   0    0   0   0    0   0   0    0   0   0    0   0   0    0   0   0    0   0   0    0   0   0    0   0   0    0   0   0    0   0   0    0   0   0    0   0   0    0   0   0    0   0   0    0   0   0    0   0   0    0   0   0    0   0   0    0   0   0    0   0   0    0   0   0    0   0   0    0   0   0    0   0   0    0   0   0    0   0   0    0   0   0    0   0   0    0   0   0    0   0   0    0   0   0    0   0   0    0   0   0    0   0   0    0   0   0    0   0   0    0   0   0    0   0   0  255 255 255  255 255 255  255 255 255    0   0   0    0   0   0    0   0   0    0   0   0    0   0   0    0   0   0    0   0   0    0   0   0    0   0   0  255 255 255  255 255 255  255 255 255    0   0   0    0   0   0
  0   0   0    0   0   0    0   0 255    0   0 255    0   0 255    0   0   0    0   0   0    0   0   0    0   0   0    0   0   0    0   0   0    0   0   0    0   0   0    0   0   0    0   0 255    0   0 255    0   0 255    0   0   0    0   0   0    0   0   0    0   0   0    0   0   0    0   0   0    0   0   0    0   0   0    0   0   0    0   0   0    0   0   0    0   0   0    0   0   0    0   0   0    0   0   0    0   0   0    0   0   0    0   0   0    0   0   0    0   0   0    0   0   0    0   0   0    0   0   0    0   0   0    0   0   0    0   0   0    0   0   0    0   0   0    0   0   0    0   0   0    0   0   0    0   0   0    0   0   0    0   0   0    0   0   0    0   0   0    0   0   0    0   0   0    0   0   0    0   0   0    0   0   0    0   0   0    0   0   0    0   0   0    0   0   0    0   0   0    0   0   0    0   0   0    0   0   0    0   0   0    0   0   0    0   0   0    0   0   0    0   0   0    0   0   0    0   0   0    0   0   0    0   0   0    0   0   0    0   0   0    0   0   0    0   0   0  255 255 255  255 255 255  255 255 255    0   0   0    0   0   0    0   0   0    0   0   0    0   0   0    0   0   0    0   0   0    0   0   0    0   0   0  255 255 255  255 255 255  255 255 255    0   0   0    0   0   0
  0   0   0    0   0   0    0   0 255    0   0 255    0   0 255    0   0   0    0   0   0    0   0   0    0   0   0    0   0   0    0   0   0    0   0   0    0   0   0    0   0   0    0   0 255    0   0 255    0   0 255    0   0   0    0   0   0    0   0   0    0   0   0    0   0   0    0   0   0    0   0   0    0   0   0    0   0   0    0   0   0    0   0   0    0   0   0    0   0   0    0   0   0    0   0   0    0   0   0    0   0   0    0   0   0    0   0   0    0   0   0    0   0   0    0   0   0    0 255   0    0 255   0    0   0   0    0   0   0    0   0   0    0   0   0    0   0   0    0   0   0    0   0   0    0   0   0    0   0   0    0   0   0    0   0   0    0 255   0    0 255   0    0 255   0    0 255   0    0 255   0    0 255   0    0 255   0    0   0   0    0   0   0    0   0   0    0   0   0    0   0   0    0   0   0    0 255   0    0 255   0    0 255   0    0 255   0    0 255   0    0 255   0    0 255   0    0   0   0    0   0   0    0   0   0    0   0   0    0   0   0    0   0   0    0   0   0  255 255 255  255 255 255  255 255 255    0   0   0    0   0   0    0   0   0    0   0   0    0   0   0    0   0   0    0   0   0    0   0   0    0   0   0  255 255 255  255 255 255  255 255 255    0   0   0    0   0   0
  0   0   0    0   0   0    0   0 255    0   0 255    0   0 255    0   0   0    0   0   0    0   0   0    0   0   0    0   0   0    0   0   0    0   0   0    0   0   0    0   0   0    0   0 255    0   0 255    0   0 255    0   0   0    0   0   0    0   0   0    0   0   0    0   0   0    0   0   0    0   0   0    0   0   0    0   0   0    0   0   0    0   0   0    0   0   0    0   0   0    0   0   0    0   0   0    0   0   0    0   0   0    0   0   0    0   0   0    0   0   0    0   0   0    0 255   0    0 255   0    0 255   0    0   0   0    0   0   0    0   0   0    0   0   0    0   0   0    0   0   0    0   0   0    0   0   0    0   0   0    0   0   0    0 255   0    0 255   0    0 255   0    0 255   0    0 255   0    0 255   0    0 255   0    0 255   0    0 255   0    0   0   0    0   0   0    0   0   0    0   0   0    0 255   0    0 255   0    0 255   0    0 255   0    0 255   0    0 255   0    0 255   0    0 255   0    0 255   0    0   0   0    0   0   0    0   0   0    0   0   0    0   0   0    0   0   0  255 255 255  255 255 255  255 255 255    0   0   0    0   0   0    0   0   0    0   0   0    0   0   0    0   0   0    0   0   0    0   0   0    0   0   0  255 255 255  255 255 255  255 255 255    0   0   0    0   0   0
  0   0   0    0   0   0    0   0 255    0   0 255    0   0 255    0   0 255    0   0   0    0   0   0    0   0   0    0   0   0    0   0   0    0   0   0    0   0   0    0   0 255    0   0 255    0   0 255    0   0 255    0   0   0    0   0   0    0   0   0    0   0   0    0   0   0    0   0   0    0   0   0    0   0   0    0   0   0    0   0   0    0   0   0    0   0   0    0   0   0    0   0   0    0   0   0    0   0   0    0   0   0    0   0   0    0   0   0    0   0   0    0 255   0    0 255   0    0 255   0    0 255   0    0   0   0    0   0   0    0   0   0    0   0   0    0   0   0    0   0   0    0   0   0    0   0   0    0   0   0    0 255   0    0 255   0    0 255   0    0   0   0    0   0   0    0   0   0    0   0   0    0   0   0    0 255   0    0 255   0    0 255   0    0   0   0    0   0   0    0 255   0    0 255   0    0 255   0    0   0   0    0   0   0    0   0   0    0   0   0    0   0   0    0 255   0    0 255   0    0 255   0    0   0   0    0   0   0    0   0   0    0   0   0    0   0   0  255 255 255  255 255 255  255 255 255  255 255 255    0   0   0    0   0   0    0   0   0    0   0   0    0   0   0    0   0   0    0   0   0  255 255 255  255 255 255  255 255 255  255 255 255    0   0   0    0   0   0
  0   0   0    0   0   0    0   0 255    0   0 255    0   0 255    0   0 255    0   0 255    0   0   0    0   0   0    0   0   0    0   0   0    0   0   0    0   0 255    0   0 255    0   0 255    0   0 255    0   0 255    0   0   0    0   0   0    0   0   0    0   0   0    0   0   0    0   0   0    0   0   0    0   0   0    0   0   0    0   0   0    0   0   0    0   0   0    0   0   0    0   0   0    0   0   0    0   0   0    0   0   0    0   0   0    0   0   0    0   0   0    0 255   0    0 255   0    0 255   0    0 255   0    0   0   0    0   0   0    0   0   0    0   0   0    0   0   0    0   0   0    0   0   0    0   0   0    0   0   0    0 255   0    0 255   0    0   0   0    0   0   0    0   0   0    0   0   0    0   0   0    0   0   0    0   0   0    0 255   0    0 255   0    0   0   0    0   0   0    0 255   0    0 255   0    0   0   0    0   0   0    0   0   0    0   0   0    0   0   0    0   0   0    0   0   0    0 255   0    0 255   0    0   0   0    0   0   0    0   0   0    0   0   0    0   0   0  255 255 255  255 255 255  255 255 255  255 255 255  255 255 255    0   0   0    0   0   0    0   0   0    0   0   0    0   0   0  255 255 255  255 255 255  255 255 255  255 255 255  255 255 255    0   0   0    0   0   0
  0   0   0    0   0   0    0   0   0    0   0 255    0   0 255    0   0 255    0   0 255    0   0 255    0   0 255    0   0 255    0   0 255    0   0 255    0   0 255    0   0 255    0   0 255    0   0 255    0   0 255    0   0   0    0   0   0    0   0   0    0   0   0    0   0   0    0   0   0    0   0   0    0   0   0    0   0   0    0   0   0    0   0   0    0   0   0    0   0   0    0   0   0    0   0   0    0   0   0    0   0   0    0   0   0    0   0   0    0   0   0    0   0   0    0   0   0    0 255   0    0 255   0    0   0   0    0   0   0    0   0   0    0   0   0    0   0   0    0   0   0    0   0   0    0   0   0    0   0   0    0 255   0    0 255   0    0   0   0    0   0   0    0   0   0    0   0   0    0   0   0    0   0   0    0   0   0    0 255   0    0 255   0    0   0   0    0   0   0    0 255   0    0 255   0    0   0   0    0   0   0    0   0   0    0   0   0    0   0   0    0   0   0    0   0   0    0 255   0    0 255   0    0   0   0    0   0   0    0   0   0    0   0   0    0   0   0    0   0   0  255 255 255  255 255 255  255 255 255  255 255 255  255 255 255  255 255 255  255 255 255  255 255 255  255 255 255  255 255 255  255 255 255  255 255 255  255 255 255  255 255 255    0   0   0    0   0   0
  0   0   0    0   0   0    0   0   0    0   0   0    0   0 255    0   0 255    0   0 255    0   0 255    0   0 255    0   0 255    0   0 255    0   0 255    0   0 255    0   0 255    0   0 255    0   0 255    0   0 255    0   0   0    0   0   0    0   0   0    0   0   0    0   0   0    0   0   0    0   0   0    0   0   0    0   0   0    0   0   0    0   0   0    0   0   0    0   0   0    0   0   0    0   0   0    0   0   0    0   0   0    0   0   0    0   0   0    0   0   0    0   0   0    0   0   0    0 255   0    0 255   0    0   0   0    0   0   0    0   0   0    0   0   0    0   0   0    0   0   0    0   0   0    0   0   0    0   0   0    0 255   0    0 255   0    0   0   0    0   0   0    0   0   0    0   0   0    0   0   0    0   0   0    0   0   0    0 255   0    0 255   0    0   0   0    0   0   0    0 255   0    0 255   0    0   0   0    0   0   0    0   0   0    0   0   0    0   0   0    0   0   0    0   0   0    0 255   0    0 255   0    0   0   0    0   0   0    0   0   0    0   0   0    0   0   0    0   0   0    0   0   0  255 255 255  255 255 255  255 255 255  255 255 255  255 255 255  255 255 255  255 255 255  255 255 255  255 255 255  255 255 255  255 255 255  255 255 255  255 255 255    0   0   0    0   0   0
  0   0   0    0   0   0    0   0   0    0   0   0    0   0   0    0   0 255    0   0 255    0   0 255    0   0 255    0   0 255    0   0 255    0   0 255    0   0 255    0   0   0    0   0 255    0   0 255    0   0 255    0   0   0    0   0   0    0   0   0    0   0   0    0   0   0    0   0   0    0   0   0    0   0   0    0   0   0    0   0   0    0   0   0    0   0   0    0   0   0    0   0   0    0   0   0    0   0   0    0   0   0    0   0   0    0   0   0    0   0   0    0   0   0    0   0   0    0 255   0    0 255   0    0   0   0    0   0   0    0   0   0    0   0   0    0   0   0    0   0   0    0 255   0    0 255   0    0   0   0    0 255   0    0 255   0    0   0   0    0   0   0    0   0   0    0   0   0    0   0   0    0   0   0    0 255   0    0 255   0    0 255   0    0   0   0    0   0   0    0 255   0    0 255   0    0   0   0    0   0   0    0   0   0    0   0   0    0   0   0    0   0   0    0 255   0    0 255   0    0 255   0    0   0   0    0   0   0    0   0   0    0   0   0    0   0   0    0   0   0    0   0   0    0   0   0  255 255 255  255 255 255  255 255 255  255 255 255  255 255 255  255 255 255  255 255 255  255 255 255    0   0   0  255 255 255  255 255 255  255 255 255    0   0   0    0   0   0
  0   0   0    0   0   0    0   0   0    0   0   0    0   0   0    0   0   0    0   0   0    0   0   0    0   0   0    0   0   0    0   0   0    0   0   0    0   0   0    0   0   0    0   0 255    0   0 255    0   0 255    0   0   0    0   0   0    0   0   0    0   0   0    0   0   0    0   0   0    0   0   0    0   0   0    0   0   0    0   0   0    0   0   0    0   0   0    0   0   0    0   0   0    0   0   0    0   0   0    0   0   0    0   0   0    0   0   0    0   0   0    0   0   0    0   0   0    0 255   0    0 255   0    0   0   0    0   0   0    0   0   0    0   0   0    0   0   0    0   0   0    0 255   0    0 255   0    0   0   0    0 255   0    0 255   0    0   0   0    0   0   0    0   0   0    0   0   0    0   0   0    0 255   0    0 255   0    0 255   0    0 255   0    0   0   0    0   0   0    0 255   0    0 255   0    0   0   0    0   0   0    0   0   0    0   0   0    0   0   0    0 255   0    0 255   0    0 255   0    0 255   0    0   0   0    0   0   0    0   0   0    0   0   0    0   0   0    0   0   0    0   0   0    0   0   0    0   0   0    0   0   0    0   0   0    0   0   0    0   0   0    0   0   0    0   0   0    0   0   0    0   0   0  255 255 255  255 255 255  255 255 255    0   0   0    0   0   0
  0   0   0    0   0   0    0   0   0    0   0   0    0   0   0    0   0   0    0   0   0    0   0   0    0   0   0    0   0   0    0   0   0    0   0   0    0   0   0    0   0   0    0   0 255    0   0 255    0   0 255    0   0   0    0   0   0    0   0   0    0   0   0    0   0   0    0   0   0    0   0   0    0   0   0    0   0   0    0   0   0    0   0   0    0   0   0    0   0   0    0   0   0    0   0   0    0   0   0    0   0   0    0   0   0    0   0   0    0   0   0    0   0   0    0   0   0    0 255   0    0 255   0    0   0   0    0   0   0    0   0   0    0   0   0    0   0   0    0   0   0    0   0   0    0   0   0    0   0   0    0 255   0    0 255   0    0   0   0    0   0   0    0   0   0    0   0   0    0 255   0    0 255   0    0   0   0    0 255   0    0 255   0    0   0   0    0   0   0    0 255   0    0 255   0    0   0   0    0   0   0    0   0   0    0   0   0    0 255   0    0 255   0    0   0   0    0 255   0    0 255   0    0   0   0    0   0   0    0   0   0    0   0   0    0   0   0    0   0   0    0   0   0    0   0   0    0   0   0    0   0   0    0   0   0    0   0   0    0   0   0    0   0   0    0   0   0    0   0   0    0   0   0  255 255 255  255 255 255  255 255 255    0   0   0    0   0   0
  0   0   0    0   0   0    0   0   0    0   0   0    0   0   0    0   0   0    0   0   0    0   0   0    0   0   0    0   0   0    0   0   0    0   0   0    0   0   0    0   0   0    0   0 255    0   0 255    0   0 255    0   0   0    0   0   0    0   0   0    0   0   0    0   0   0    0   0   0    0   0   0    0   0   0    0   0   0    0   0   0    0   0   0    0   0   0    0   0   0    0   0   0    0   0   0    0   0   0    0   0   0    0   0   0    0   0   0    0   0   0    0   0   0    0   0   0    0 255   0    0 255   0    0   0   0    0   0   0    0   0   0    0   0   0    0   0   0    0   0   0    0   0   0    0   0   0    0   0   0    0 255   0    0 255   0    0   0   0    0   0   0    0   0   0    0 255   0    0 255   0    0   0   0    0   0   0    0 255   0    0 255   0    0   0   0    0   0   0    0 255   0    0 255   0    0   0   0    0   0   0    0   0   0    0 255   0    0 255   0    0   0   0    0   0   0    0 255   0    0 255   0    0   0   0    0   0   0    0   0   0    0   0   0    0   0   0    0   0   0    0   0   0    0   0   0    0   0   0    0   0   0    0   0   0    0   0   0    0   0   0    0   0   0    0   0   0    0   0   0    0   0   0  255 255 255  255 255 255  255 255 255    0   0   0    0   0   0
  0   0   0    0   0   0    0   0   0    0   0   0    0   0   0    0   0   0    0   0   0    0   0   0    0   0   0    0   0   0    0   0   0    0   0   0    0   0   0    0   0   0    0   0 255    0   0 255    0   0 255    0   0   0    0   0   0    0   0   0    0   0   0    0   0   0    0   0   0    0   0   0    0   0   0    0   0   0    0   0   0    0   0   0    0   0   0    0   0   0    0   0   0    0   0   0    0   0   0    0   0   0    0   0   0    0   0   0    0   0   0    0   0   0    0   0   0    0 255   0    0 255   0    0   0   0    0   0   0    0   0   0    0   0   0    0   0   0    0   0   0    0   0   0    0   0   0    0   0   0    0 255   0    0 255   0    0   0   0    0   0   0    0 255   0    0 255   0    0   0   0    0   0   0    0   0   0    0 255   0    0 255   0    0   0   0    0   0   0    0 255   0    0 255   0    0   0   0    0   0   0    0 255   0    0 255   0    0   0   0    0   0   0    0   0   0    0 255   0    0 255   0    0   0   0    0   0   0    0   0   0    0   0   0    0   0   0    0   0   0    0   0   0    0   0   0    0   0   0    0   0   0    0   0   0    0   0   0    0   0   0    0   0   0    0   0   0    0   0   0    0   0   0  255 255 255  255 255 255  255 255 255    0   0   0    0   0   0
  0   0   0    0   0   0    0   0   0    0   0   0    0   0   0    0   0   0    0   0   0    0   0   0    0   0   0    0   0   0    0   0   0    0   0   0    0   0   0    0   0   0    0   0 255    0   0 255    0   0 255    0   0   0    0   0   0    0   0   0    0   0   0    0   0   0    0   0   0    0   0   0    0   0   0    0   0   0    0   0   0    0   0   0    0   0   0    0   0   0    0   0   0    0   0   0    0   0   0    0   0   0    0   0   0    0   0   0    0   0   0    0   0   0    0   0   0    0 255   0    0 255   0    0   0   0    0   0   0    0   0   0    0   0   0    0   0   0    0   0   0    0   0   0    0   0   0    0   0   0    0 255   0    0 255   0    0   0   0    0 255   0    0 255   0    0   0   0    0   0   0    0   0   0    0   0   0    0 255   0    0 255   0    0   0   0    0   0   0    0 255   0    0 255   0    0   0   0    0 255   0    0 255   0    0   0   0    0   0   0    0   0   0    0   0   0    0 255   0    0 255   0    0   0   0    0   0   0    0   0   0    0   0   0    0   0   0    0   0   0    0   0   0    0   0   0    0   0   0    0   0   0    0   0   0    0   0   0    0   0   0    0   0   0    0   0   0    0   0   0    0   0   0  255 255 255  255 255 255  255 255 255    0   0   0    0   0   0
  0   0   0    0   0   0    0   0   0    0   0   0    0   0   0    0   0   0    0   0   0    0   0   0    0   0   0    0   0   0    0   0   0    0   0   0    0   0   0    0   0   0    0   0 255    0   0 255    0   0 255    0   0   0    0   0   0    0   0   0    0   0   0    0   0   0    0   0   0    0   0   0    0   0   0    0   0   0    0   0   0    0   0   0    0   0   0    0   0   0    0   0   0    0   0   0    0   0   0    0   0   0    0   0   0    0   0   0    0   0   0    0   0   0    0   0   0    0 255   0    0 255   0    0   0   0    0   0   0    0   0   0    0   0   0    0   0   0    0   0   0    0 255   0    0 255   0    0   0   0    0 255   0    0 255   0    0 255   0    0 255   0    0   0   0    0   0   0    0   0   0    0   0   0    0   0   0    0 255   0    0 255   0    0   0   0    0   0   0    0 255   0    0 255   0    0 255   0    0 255   0    0   0   0    0   0   0    0   0   0    0   0   0    0   0   0    0 255   0    0 255   0    0   0   0    0   0   0    0   0   0    0   0   0    0   0   0    0   0   0    0   0   0    0   0   0    0   0   0    0   0   0    0   0   0    0   0   0    0   0   0    0   0   0    0   0   0    0   0   0    0   0   0  255 255 255  255 255 255  255 255 255    0   0   0    0   0   0
  0   0   0    0   0   0    0   0   0    0   0   0    0   0   0    0   0   0    0   0   0    0   0   0    0   0   0    0   0   0    0   0   0    0   0   0    0   0   0    0   0   0    0   0 255    0   0 255    0   0 255    0   0   0    0   0   0    0   0   0    0   0   0    0   0   0    0   0   0    0   0   0    0   0   0    0   0   0    0   0   0    0   0   0    0   0   0    0   0   0    0   0   0    0   0   0    0   0   0    0   0   0    0   0   0    0   0   0    0   0   0    0   0   0    0   0   0    0 255   0    0 255   0    0   0   0    0   0   0    0   0   0    0   0   0    0   0   0    0   0   0    0 255   0    0 255   0    0   0   0    0 255   0    0 255   0    0 255   0    0   0   0    0   0   0    0   0   0    0   0   0    0   0   0    0   0   0    0 255   0    0 255   0    0   0   0    0   0   0    0 255   0    0 255   0    0 255   0    0   0   0    0   0   0    0   0   0    0   0   0    0   0   0    0   0   0    0 255   0    0 255   0    0   0   0    0   0   0    0   0   0    0   0   0    0   0   0    0   0   0    0   0   0    0   0   0    0   0   0    0   0   0    0   0   0    0   0   0    0   0   0    0   0   0    0   0   0    0   0   0    0   0   0  255 255 255  255 255 255  255 255 255    0   0   0    0   0   0
  0   0   0    0   0   0    0   0 255    0   0 255    0   0 255    0   0   0    0   0   0    0   0   0    0   0   0    0   0   0    0   0   0    0   0   0    0   0   0    0   0   0    0   0 255    0   0 255    0   0 255    0   0   0    0   0   0    0   0   0    0   0   0    0   0   0    0   0   0    0   0   0    0   0   0    0   0   0    0   0   0    0   0   0    0   0   0    0   0   0    0   0   0    0   0   0    0   0   0    0   0   0    0   0   0    0   0   0    0   0   0    0   0   0    0   0   0    0 255   0    0 255   0    0   0   0    0   0   0    0   0   0    0   0   0    0   0   0    0   0   0    0   0   0    0   0   0    0   0   0    0 255   0    0 255   0    0   0   0    0   0   0    0   0   0    0   0   0    0   0   0    0   0   0    0   0   0    0 255   0    0 255   0    0   0   0    0   0   0    0 255   0    0 255   0    0   0   0    0   0   0    0   0   0    0   0   0    0   0   0    0   0   0    0   0   0    0 255   0    0 255   0    0   0   0    0   0   0    0   0   0    0   0   0    0   0   0  255 255 255  255 255 255  255 255 255    0   0   0    0   0   0    0   0   0    0   0   0    0   0   0    0   0   0    0   0   0    0   0   0    0   0   0  255 255 255  255 255 255  255 255 255    0   0   0    0   0   0
  0   0   0    0   0   0    0   0 255    0   0 255    0   0 255    0   0 255    0   0   0    0   0   0    0   0   0    0   0   0    0   0   0    0   0   0    0   0   0    0   0 255    0   0 255    0   0 255    0   0 255    0   0   0    0   0   0    0   0   0    0   0   0    0   0   0    0   0   0    0   0   0    0   0   0    0   0   0    0   0   0    0   0   0    0   0   0    0   0   0    0   0   0    0   0   0    0   0   0    0   0   0    0   0   0    0   0   0    0   0   0    0   0   0    0   0   0    0 255   0    0 255   0    0   0   0    0   0   0    0   0   0    0   0   0    0   0   0    0   0   0    0   0   0    0   0   0    0   0   0    0 255   0    0 255   0    0   0   0    0   0   0    0   0   0    0   0   0    0   0   0    0   0   0    0   0   0    0 255   0    0 255   0    0   0   0    0   0   0    0 255   0    0 255   0    0   0   0    0   0   0    0   0   0    0   0   0    0   0   0    0   0   0    0   0   0    0 255   0    0 255   0    0   0   0    0   0   0    0   0   0    0   0   0    0   0   0  255 255 255  255 255 255  255 255 255  255 255 255    0   0   0    0   0   0    0   0   0    0   0   0    0   0   0    0   0   0    0   0   0  255 255 255  255 255 255  255 255 255  255 255 255    0   0   0    0   0   0
  0   0   0    0   0   0    0   0 255    0   0 255    0   0 255    0   0 255    0   0 255    0   0   0    0   0   0    0   0   0    0   0   0    0   0   0    0   0 255    0   0 255    0   0 255    0   0 255    0   0 255    0   0   0    0   0   0    0   0   0    0   0   0    0   0   0    0   0   0    0   0   0    0   0   0    0   0   0    0   0   0    0   0   0    0   0   0    0   0   0    0   0   0    0   0   0    0   0   0    0   0   0    0   0   0    0   0   0    0   0   0    0   0   0    0   0   0    0 255   0    0 255   0    0   0   0    0   0   0    0   0   0    0   0   0    0   0   0    0   0   0    0   0   0    0   0   0    0   0   0    0 255   0    0 255   0    0   0   0    0   0   0    0   0   0    0   0   0    0   0   0    0   0   0    0   0   0    0 255   0    0 255   0    0   0   0    0   0   0    0 255   0    0 255   0    0   0   0    0   0   0    0   0   0    0   0   0    0   0   0    0   0   0    0   0   0    0 255   0    0 255   0    0   0   0    0   0   0    0   0   0    0   0   0    0   0   0  255 255 255  255 255 255  255 255 255  255 255 255  255 255 255    0   0   0    0   0   0    0   0   0    0   0   0    0   0   0  255 255 255  255 255 255  255 255 255  255 255 255  255 255 255    0   0   0    0   0   0
  0   0   0    0   0   0    0   0   0    0   0 255    0   0 255    0   0 255    0   0 255    0   0 255    0   0 255    0   0 255    0   0 255    0   0 255    0   0 255    0   0 255    0   0 255    0   0 255    0   0   0    0   0   0    0   0   0    0   0   0    0   0   0    0   0   0    0   0   0    0   0   0    0   0   0    0   0   0    0   0   0    0   0   0    0   0   0    0   0   0    0   0   0    0   0   0    0   0   0    0   0   0    0   0   0    0   0   0    0   0   0    0   0   0    0   0   0    0 255   0    0 255   0    0   0   0    0   0   0    0   0   0    0   0   0    0   0   0    0   0   0    0   0   0    0   0   0    0   0   0    0 255   0    0 255   0    0 255   0    0   0   0    0   0   0    0   0   0    0   0   0    0   0   0    0 255   0    0 255   0    0 255   0    0   0   0    0   0   0    0 255   0    0 255   0    0 255   0    0   0   0    0   0   0    0   0   0    0   0   0    0   0   0    0 255   0    0 255   0    0 255   0    0   0   0    0   0   0    0   0   0    0   0   0    0   0   0    0   0   0  255 255 255  255 255 255  255 255 255  255 255 255  255 255 255  255 255 255  255 255 255  255 255 255  255 255 255  255 255 255  255 255 255  255 255 255  255 255 255    0   0   0    0   0   0    0   0   0
  0   0   0    0   0   0    0   0   0    0   0   0    0   0 255    0   0 255    0   0 255    0   0 255    0   0 255    0   0 255    0   0 255    0   0 255    0   0 255    0   0 255    0   0 255    0   0   0    0   0   0    0   0   0    0   0   0    0   0   0    0   0   0    0   0   0    0   0   0    0   0   0    0   0   0    0   0   0    0   0   0    0   0   0    0   0   0    0   0   0    0   0   0    0   0   0    0   0   0    0   0   0    0   0   0    0   0   0    0   0   0    0 255   0    0 255   0    0 255   0    0 255   0    0 255   0    0 255   0    0   0   0    0   0   0    0   0   0    0   0   0    0   0   0    0   0   0    0   0   0    0   0   0    0 255   0    0 255   0    0 255   0    0 255   0    0 255   0    0 255   0    0 255   0    0 255   0    0 255   0    0   0   0    0   0   0    0   0   0    0   0   0    0 255   0    0 255   0    0 255   0    0 255   0    0 255   0    0 255   0    0 255   0    0 255   0    0 255   0    0   0   0    0   0   0    0   0   0    0   0   0    0   0   0    0   0   0    0   0   0    0   0   0  255 255 255  255 255 255  255 255 255  255 255 255  255 255 255  255 255 255  255 255 255  255 255 255  255 255 255  255 255 255  255 255 255    0   0   0    0   0   0    0   0   0    0   0   0
  0   0   0    0   0   0    0   0   0    0   0   0    0   0   0    0   0 255    0   0 255    0   0 255    0   0 255    0   0 255    0   0 255    0   0 255    0   0 255    0   0 255    0   0   0    0   0   0    0   0   0    0   0   0    0   0   0    0   0   0    0   0   0    0   0   0    0   0   0    0   0   0    0   0   0    0   0   0    0   0   0    0   0   0    0   0   0    0   0   0    0   0   0    0   0   0    0   0   0    0   0   0    0   0   0    0   0   0    0   0   0    0 255   0    0 255   0    0 255   0    0 255   0    0 255   0    0 255   0    0   0   0    0   0   0    0   0   0    0   0   0    0   0   0    0   0   0    0   0   0    0   0   0    0   0   0    0 255   0    0 255   0    0 255   0    0 255   0    0 255   0    0 255   0    0 255   0    0   0   0    0   0   0    0   0   0    0   0   0    0   0   0    0   0   0    0 255   0    0 255   0    0 255   0    0 255   0    0 255   0    0 255   0    0 255   0    0   0   0    0   0   0    0   0   0    0   0   0    0   0   0    0   0   0    0   0   0    0   0   0    0   0   0    0   0   0  255 255 255  255 255 255  255 255 255  255 255 255  255 255 255  255 255 255  255 255 255  255 255 255  255 255 255    0   0   0    0   0   0    0   0   0    0   0   0    0   0   0
  0   0   0    0   0   0    0   0   0    0   0   0    0   0   0    0   0   0    0   0   0    0   0   0    0   0   0    0   0   0    0   0   0    0   0   0    0   0   0    0   0   0    0   0   0    0   0   0    0   0   0    0   0   0    0   0   0    0   0   0    0   0   0    0   0   0    0   0   0    0   0   0    0   0   0    0   0   0    0   0   0    0   0   0    0   0   0    0   0   0    0   0   0    0   0   0    0   0   0    0   0   0    0   0   0    0   0   0    0   0   0    0   0   0    0   0   0    0   0   0    0   0   0    0   0   0    0   0   0    0   0   0    0   0   0    0   0   0    0   0   0    0   0   0    0   0   0    0   0   0    0   0   0    0   0   0    0   0   0    0   0   0    0   0   0    0   0   0    0   0   0    0   0   0    0   0   0    0   0   0    0   0   0    0   0   0    0   0   0    0   0   0    0   0   0    0   0   0    0   0   0    0   0   0    0   0   0    0   0   0    0   0   0    0   0   0    0   0   0    0   0   0    0   0   0    0   0   0    0   0   0    0   0   0    0   0   0    0   0   0    0   0   0    0   0   0    0   0   0    0   0   0    0   0   0    0   0   0    0   0   0    0   0   0    0   0   0    0   0   0    0   0   0    0   0   0    0   0   0    0   0   0    0   0   0    0   0   0
  0   0   0    0   0   0    0   0   0    0   0   0    0   0   0    0   0   0    0   0   0    0   0   0    0   0   0    0   0   0    0   0   0    0   0   0    0   0   0    0   0   0    0   0   0    0   0   0    0   0   0    0   0   0    0   0   0    0   0   0    0   0   0    0   0   0    0   0   0    0   0   0    0   0   0    0   0   0    0   0   0    0   0   0    0   0   0    0   0   0    0   0   0    0   0   0    0   0   0    0   0   0    0   0   0    0   0   0    0   0   0    0   0   0    0   0   0    0   0   0    0   0   0    0   0   0    0   0   0    0   0   0    0   0   0    0   0   0    0   0   0    0   0   0    0   0   0    0   0   0    0   0   0    0   0   0    0   0   0    0   0   0    0   0   0    0   0   0    0   0   0    0   0   0    0   0   0    0   0   0    0   0   0    0   0   0    0   0   0    0   0   0    0   0   0    0   0   0    0   0   0    0   0   0    0   0   0    0   0   0    0   0   0    0   0   0    0   0   0    0   0   0    0   0   0    0   0   0    0   0   0    0   0   0    0   0   0    0   0   0    0   0   0    0   0   0    0   0   0    0   0   0    0   0   0    0   0   0    0   0   0    0   0   0    0   0   0    0   0   0    0   0   0    0   0   0    0   0   0    0   0   0    0   0   0    0   0   0""")
game = PPMImage.load(infile).as_canvas()
infile.close()
cvv = TkCanvasViewer(master, game)
cvv.show(game)

tk.mainloop()
